13 4705 28 221 5675 0 21 7 735 3442 19 0 0 0 0 0 0 0 0 0 0 0 0 0 0 0 0 0 0 0 0 0 0 0 0 0 0 0 0 0 
143 1935 28 43 20 30 15 44 53 7 1545 1122 18 701 635 168 1034 13 862 19 0 0 0 0 0 0 0 0 0 0 0 0 0 0 0 0 0 0 0 0 
20 262 15 430 28 29 30 19 0 0 0 0 0 0 0 0 0 0 0 0 0 0 0 0 0 0 0 0 0 0 0 0 0 0 0 0 0 0 0 0 
13 1190 4949 45 356 3734 28 445 19 0 0 0 0 0 0 0 0 0 0 0 0 0 0 0 0 0 0 0 0 0 0 0 0 0 0 0 0 0 0 0 
109 444 978 49 193 7 326 1017 242 21 220 19 0 0 0 0 0 0 0 0 0 0 0 0 0 0 0 0 0 0 0 0 0 0 0 0 0 0 0 0 
128 1493 168 151 1053 53 168 1865 19 0 0 0 0 0 0 0 0 0 0 0 0 0 0 0 0 0 0 0 0 0 0 0 0 0 0 0 0 0 0 0 
114 169 67 109 964 8 146 122 500 78 12 114 1203 356 485 28 56 20 298 19 0 0 0 0 0 0 0 0 0 0 0 0 0 0 0 0 0 0 0 0 
114 86 198 4867 5978 109 28 439 19 0 0 0 0 0 0 0 0 0 0 0 0 0 0 0 0 0 0 0 0 0 0 0 0 0 0 0 0 0 0 0 
114 962 13 3128 15 5699 1494 64 0 19 0 0 0 0 0 0 0 0 0 0 0 0 0 0 0 0 0 0 0 0 0 0 0 0 0 0 0 0 0 0 
114 658 6 688 13 955 2683 344 300 15 136 7 5965 53 4297 64 2278 78 2191 78 15 305 415 200 15 635 171 11 114 169 669 28 1063 744 3261 707 64 1 2535 19 
20 0 98 1300 4615 78 634 576 809 2686 15 114 119 520 28 43 7 932 175 7 231 46 114 1343 121 13 2267 49 13 1945 6043 125 19 0 0 0 0 0 0 0 
49 2317 28 109 139 114 151 762 114 169 966 201 28 729 2686 49 13 964 78 2346 13 447 963 456 19 0 0 0 0 0 0 0 0 0 0 0 0 0 0 0 
114 169 28 1654 23 13 652 248 21 51 15 401 152 18 28 1262 12 114 115 20 19 0 0 0 0 0 0 0 0 0 0 0 0 0 0 0 0 0 0 0 
20 2126 143 313 650 19 0 0 0 0 0 0 0 0 0 0 0 0 0 0 0 0 0 0 0 0 0 0 0 0 0 0 0 0 0 0 0 0 0 0 
127 300 8 800 113 113 113 0 0 0 0 0 0 0 0 0 0 0 0 0 0 0 0 0 0 0 0 0 0 0 0 0 0 0 0 0 0 0 0 0 
114 169 356 128 6634 1591 20 520 78 12 20 125 7 320 18 19 0 0 0 0 0 0 0 0 0 0 0 0 0 0 0 0 0 0 0 0 0 0 0 0 
171 19 40 6810 2508 377 78 455 6 7 932 15 114 455 259 0 0 0 0 0 0 0 0 0 0 0 0 0 0 0 0 0 0 0 0 0 0 0 0 0 
160 78 20 21 7 295 300 19 0 0 0 0 0 0 0 0 0 0 0 0 0 0 0 0 0 0 0 0 0 0 0 0 0 0 0 0 0 0 0 0 
109 4294 21 1876 78 3422 78 15 108 19 0 0 0 0 0 0 0 0 0 0 0 0 0 0 0 0 0 0 0 0 0 0 0 0 0 0 0 0 0 0 
114 86 438 20 28 439 19 0 0 0 0 0 0 0 0 0 0 0 0 0 0 0 0 0 0 0 0 0 0 0 0 0 0 0 0 0 0 0 0 0 
291 21 3912 15 53 4274 547 1565 114 169 1 4 930 648 1914 1993 175 1 4294 19 0 0 0 0 0 0 0 0 0 0 0 0 0 0 0 0 0 0 0 0 
2870 237 893 19 220 294 19 0 0 0 0 0 0 0 0 0 0 0 0 0 0 0 0 0 0 0 0 0 0 0 0 0 0 0 0 0 0 0 0 0 
13 1530 248 21 224 4046 15 13 551 69 143 575 1971 19 0 0 0 0 0 0 0 0 0 0 0 0 0 0 0 0 0 0 0 0 0 0 0 0 0 0 
109 300 259 1260 168 7 905 7250 250 198 7 436 7250 19 0 0 0 0 0 0 0 0 0 0 0 0 0 0 0 0 0 0 0 0 0 0 0 0 0 0 
305 203 23 78 114 1506 20 19 0 0 0 0 0 0 0 0 0 0 0 0 0 0 0 0 0 0 0 0 0 0 0 0 0 0 0 0 0 0 0 0 
114 151 0 744 42 13 415 23 1439 785 1814 78 12 20 125 120 233 55 119 120 121 8 7527 15 114 169 1451 921 28 762 19 0 0 0 0 0 0 0 0 0 
20 1894 13 4294 143 2481 15 7370 20 184 3137 78 390 168 994 356 995 2564 20 2923 7 1769 8 13 5818 64 2398 20 19 0 0 0 0 0 0 0 0 0 0 0 
632 4729 1 632 633 21 128 75 53 109 300 15 114 169 6 40 54 53 20 359 192 19 0 0 0 0 0 0 0 0 0 0 0 0 0 0 0 0 0 0 
75 632 633 19 0 0 0 0 0 0 0 0 0 0 0 0 0 0 0 0 0 0 0 0 0 0 0 0 0 0 0 0 0 0 0 0 0 0 0 0 
115 20 37 1348 8 233 1409 86 596 28 13 248 28 157 78 143 5699 19 0 0 0 0 0 0 0 0 0 0 0 0 0 0 0 0 0 0 0 0 0 0 
114 197 791 728 5087 8 13 231 41 7 143 399 296 28 0 387 64 1 181 681 8 700 2536 15 23 37 7 1558 49 1 1059 19 0 0 0 0 0 0 0 0 
5674 262 113 0 0 0 0 0 0 0 0 0 0 0 0 0 0 0 0 0 0 0 0 0 0 0 0 0 0 0 0 0 0 0 0 0 0 0 0 0 
146 6 20 7 326 123 12 401 356 426 1 148 19 0 0 0 0 0 0 0 0 0 0 0 0 0 0 0 0 0 0 0 0 0 0 0 0 0 0 0 
13 595 3360 2370 19 0 0 0 0 0 0 0 0 0 0 0 0 0 0 0 0 0 0 0 0 0 0 0 0 0 0 0 0 0 0 0 0 0 0 0 
114 505 128 1512 114 467 109 291 19 0 0 0 0 0 0 0 0 0 0 0 0 0 0 0 0 0 0 0 0 0 0 0 0 0 0 0 0 0 0 0 
402 462 28 146 1638 109 139 53 1876 4164 116 13 93 474 151 43 0 396 262 19 0 0 0 0 0 0 0 0 0 0 0 0 0 0 0 0 0 0 0 0 
20 125 1213 19 0 0 0 0 0 0 0 0 0 0 0 0 0 0 0 0 0 0 0 0 0 0 0 0 0 0 0 0 0 0 0 0 0 0 0 0 
114 169 28 1876 20 2478 8 20 28 106 440 75 19 0 0 0 0 0 0 0 0 0 0 0 0 0 0 0 0 0 0 0 0 0 0 0 0 0 0 0 
823 69 7 326 415 114 505 1592 53 390 19 0 0 0 0 0 0 0 0 0 0 0 0 0 0 0 0 0 0 0 0 0 0 0 0 0 0 0 0 0 
566 823 37 7 627 2368 3903 200 0 455 2049 236 200 0 55 197 5235 200 200 455 570 19 0 0 0 0 0 0 0 0 0 0 0 0 0 0 0 0 0 0 
723 114 643 198 104 1957 78 12 114 157 356 1487 23 125 13 416 136 7 226 139 116 114 197 356 778 8 7 2145 139 19 0 0 0 0 0 0 0 0 0 0 
114 643 462 387 1409 125 4247 181 193 644 78 12 6666 78 250 168 43 13 2376 7696 78 168 695 1456 53 20 15 40 490 41 221 2135 89 259 501 7 0 782 13 969 
145 21 191 70 28 182 15 1380 3506 28 107 53 7 996 708 3220 19 0 0 0 0 0 0 0 0 0 0 0 0 0 0 0 0 0 0 0 0 0 0 0 
114 432 863 20 136 7024 541 180 40 4952 19 0 0 0 0 0 0 0 0 0 0 0 0 0 0 0 0 0 0 0 0 0 0 0 0 0 0 0 0 0 
114 100 966 13 2284 1288 4770 1333 114 6555 372 373 196 4866 0 372 373 196 0 0 0 0 0 0 0 0 0 0 0 0 0 0 0 0 0 0 0 0 0 0 
981 82 78 1039 1975 19 0 0 0 0 0 0 0 0 0 0 0 0 0 0 0 0 0 0 0 0 0 0 0 0 0 0 0 0 0 0 0 0 0 0 
109 1247 1936 21 198 13 3714 168 151 1237 78 315 250 23 21 831 28 168 723 168 994 719 81 298 19 0 0 0 0 0 0 0 0 0 0 0 0 0 0 0 
114 599 20 406 28 3768 184 145 28 145 19 0 0 0 0 0 0 0 0 0 0 0 0 0 0 0 0 0 0 0 0 0 0 0 0 0 0 0 0 0 
20 45 7 364 1963 1031 2844 25 12 53 13 60 64 7 267 1963 406 344 27 15 7 4595 3322 1569 2018 3454 78 315 157 356 849 28 87 1579 175 109 139 15 402 462 
20 180 197 198 2670 19 0 0 0 0 0 0 0 0 0 0 0 0 0 0 0 0 0 0 0 0 0 0 0 0 0 0 0 0 0 0 0 0 0 0 
836 432 182 1946 19 0 0 0 0 0 0 0 0 0 0 0 0 0 0 0 0 0 0 0 0 0 0 0 0 0 0 0 0 0 0 0 0 0 0 0 
180 208 67 28 1880 175 20 78 1 6241 95 3202 13 2853 15 934 13 3221 28 3674 15 2371 445 503 64 465 114 37 1880 19 0 0 0 0 0 0 0 0 0 0 
475 197 198 2057 13 2047 19 0 0 0 0 0 0 0 0 0 0 0 0 0 0 0 0 0 0 0 0 0 0 0 0 0 0 0 0 0 0 0 0 0 
