371 14349 18 8 155 413 9 4287 22 9 1822 20 1589 71 133 1 11380 2017 2305 22 9 85 37 0 0 0 0 0 0 0 0 0 0 0 0 0 0 0 0 0 
175 5667 19 16694 10260 0 16525 2782 0 310 58 16695 2649 3745 4 147 270 9 85 4 1117 329 22 164 1526 4 8 16696 4301 37 0 0 0 0 0 0 0 0 0 0 
77 6125 4 1411 85 20 1761 1 344 1325 1815 4040 559 489 430 18 8 135 89 1 77 884 22 497 12440 37 0 0 0 0 0 0 0 0 0 0 0 0 0 0 
992 465 61 164 240 13077 37 0 0 0 0 0 0 0 0 0 0 0 0 0 0 0 0 0 0 0 0 0 0 0 0 0 0 0 0 0 0 0 0 0 
91 6867 16697 10760 16698 901 9 85 54 30 1107 704 4 26 391 1390 9 5470 139 3206 1 8604 797 1556 37 0 0 0 0 0 0 0 0 0 0 0 0 0 0 0 
755 9 375 54 6274 26 336 2925 59 37 0 0 0 0 0 0 0 0 0 0 0 0 0 0 0 0 0 0 0 0 0 0 0 0 0 0 0 0 0 0 
282 1701 1 58 4551 4 18 54 251 15726 4 310 58 16699 22 6587 13558 4 11369 3989 4 26 6341 116 9 3767 26 3095 155 1160 37 0 0 0 0 0 0 0 0 0 
14312 9 7297 4887 22 1229 2345 3391 2886 116 9 145 1539 37 0 0 0 0 0 0 0 0 0 0 0 0 0 0 0 0 0 0 0 0 0 0 0 0 0 0 
369 9 15774 943 188 4 142 59 216 399 61 26 61 26 61 26 61 0 0 0 0 0 0 0 0 0 0 0 0 0 0 0 0 0 0 0 0 0 0 0 
0 235 2541 58 8218 4934 4 4314 1212 1059 105 0 164 8251 9 149 4 619 4 4666 0 1202 522 360 4 235 121 505 18 10377 329 37 0 0 0 0 0 0 0 0 
1530 1202 71 58 2644 37 0 0 0 0 0 0 0 0 0 0 0 0 0 0 0 0 0 0 0 0 0 0 0 0 0 0 0 0 0 0 0 0 0 0 
142 2274 1003 1070 686 298 15635 1099 9 2558 5895 353 103 37 0 0 0 0 0 0 0 0 0 0 0 0 0 0 0 0 0 0 0 0 0 0 0 0 0 0 
329 2992 15528 22 0 55 83 18 1059 0 4624 3424 37 0 0 0 0 0 0 0 0 0 0 0 0 0 0 0 0 0 0 0 0 0 0 0 0 0 0 0 
6548 329 4962 4 15487 4419 1 9 2566 310 415 116 9 964 230 4 26 999 61 1229 240 3950 268 2566 13826 7036 1 90 8 992 101 1410 1 513 978 12 9 1549 426 26 
12 18 1787 4 394 54 329 1180 855 12855 4 26 329 4655 1257 4 235 155 58 1051 435 55 37 0 0 0 0 0 0 0 0 0 0 0 0 0 0 0 0 0 
77 5437 10502 0 11249 20 2359 319 71 9965 410 77 10541 22 55 4183 0 3410 37 0 0 0 0 0 0 0 0 0 0 0 0 0 0 0 0 0 0 0 0 0 
8 105 12 2308 12 9 1027 37 37 37 617 329 567 5289 4 0 5506 38 216 1059 105 889 18 37 0 0 0 0 0 0 0 0 0 0 0 0 0 0 0 0 
1059 105 328 520 1 147 37 0 0 0 0 0 0 0 0 0 0 0 0 0 0 0 0 0 0 0 0 0 0 0 0 0 0 0 0 0 0 0 0 0 
7007 3531 4 7554 9 4792 1798 26 12521 4274 20 522 231 0 37 37 37 58 7297 2478 37 0 0 0 0 0 0 0 0 0 0 0 0 0 0 0 0 0 0 0 
18 54 1006 1 5805 9 0 38 1267 237 401 58 16290 1919 218 8074 58 9022 22 0 37 466 4 5805 890 237 1831 142 9990 37 0 0 0 0 0 0 0 0 0 0 
142 8 105 58 2942 85 410 797 566 4 235 18 54 248 495 49 144 58 2635 152 37 0 0 0 0 0 0 0 0 0 0 0 0 0 0 0 0 0 0 0 
18 15528 22 4215 5057 1814 4 310 194 492 1212 116 9 1027 37 0 0 0 0 0 0 0 0 0 0 0 0 0 0 0 0 0 0 0 0 0 0 0 0 0 
16700 8 58 1128 310 439 5079 26 11559 1 723 58 1113 65 4 235 142 1217 3416 8 1776 3280 400 49 144 135 7148 37 0 0 0 0 0 0 0 0 0 0 0 0 
1070 12 175 9 1708 522 86 1160 1099 9 1703 37 0 0 0 0 0 0 0 0 0 0 0 0 0 0 0 0 0 0 0 0 0 0 0 0 0 0 0 0 
58 2942 59 20 329 137 319 154 634 138 37 0 0 0 0 0 0 0 0 0 0 0 0 0 0 0 0 0 0 0 0 0 0 0 0 0 0 0 0 0 
18 54 58 501 809 2862 565 116 9 149 18 0 663 164 7419 158 2473 2474 596 58 11976 4422 4 5104 1151 26 9018 3574 37 0 0 0 0 0 0 0 0 0 0 0 
20 9 14560 7355 73 0 2272 73 1853 270 1884 1072 1507 16701 8 58 418 10954 22 169 16702 9 85 8 37 0 0 0 0 0 0 0 0 0 0 0 0 0 0 0 
1517 2206 136 26 4 564 9 668 884 4 2206 8848 14823 37 0 0 0 0 0 0 0 0 0 0 0 0 0 0 0 0 0 0 0 0 0 0 0 0 0 0 
6902 270 12 147 3207 1 9 4331 22 336 6508 1131 12 16703 1059 1 9 4331 22 336 14297 37 0 0 0 0 0 0 0 0 0 0 0 0 0 0 0 0 0 0 
58 13466 6791 16533 3536 20 176 223 831 9863 1 71 601 22 37 0 0 0 0 0 0 0 0 0 0 0 0 0 0 0 0 0 0 0 0 0 0 0 0 0 
9 340 20 506 71 1050 270 9 152 792 22 8696 927 12330 37 37 37 8 20 223 1057 1059 105 522 212 3088 19 18 37 0 0 0 0 0 0 0 0 0 0 0 
1697 352 2768 371 251 1 9956 7454 20 68 18 155 116 16704 54 1058 4 9 85 40 71 58 4640 0 37 0 0 0 0 0 0 0 0 0 0 0 0 0 0 0 
1 230 699 351 19 9 884 26 3048 67 194 2874 22 12438 426 26 1 889 5862 1 9 3507 22 9 1027 2722 426 8 15848 1 9 12966 3820 37 0 0 0 0 0 0 
18 54 4431 1 71 8310 24 415 416 992 11585 37 0 0 0 0 0 0 0 0 0 0 0 0 0 0 0 0 0 0 0 0 0 0 0 0 0 0 0 0 
175 415 416 106 11499 142 415 416 155 1084 19 5621 19 1229 43 8958 4 415 416 1084 19 10831 0 4 1123 0 4 26 811 16637 37 0 0 0 0 0 0 0 0 0 
90 91 472 37 37 37 8 0 6401 310 9 6572 967 22 0 37 0 0 0 0 0 0 0 0 0 0 0 0 0 0 0 0 0 0 0 0 0 0 0 0 
155 3051 439 1 15289 520 164 4225 554 26 319 2191 176 1083 22 16705 2740 3571 37 0 0 0 0 0 0 0 0 0 0 0 0 0 0 0 0 0 0 0 0 0 
4568 831 1 522 7547 147 270 797 3524 22 18 4 49 164 3466 986 1 9 0 2266 22 164 2603 1 164 5811 4 15536 8554 2644 37 0 0 0 0 0 0 0 0 0 
18 54 357 2027 4 357 2331 4 26 528 149 357 2 366 1 8056 1 71 58 4640 7409 37 0 0 0 0 0 0 0 0 0 0 0 0 0 0 0 0 0 0 
58 9137 5177 1676 4 8508 218 16697 15563 54 16698 110 0 839 5715 4 1153 4196 1 12 701 1006 61 58 3427 37 0 0 0 0 0 0 0 0 0 0 0 0 0 0 
176 310 58 6118 0 26 58 7854 22 0 8475 15199 309 212 4510 4 80 4 0 831 1 71 3659 4 466 83 1151 37 26 20 947 58 7461 19 9 5703 22 9 16706 2169 
77 1688 724 116 58 85 20 167 2206 9542 270 18 37 0 0 0 0 0 0 0 0 0 0 0 0 0 0 0 0 0 0 0 0 0 0 0 0 0 0 0 
18 7007 3531 11191 4 2779 839 9 1605 20 164 73 1361 294 4915 49 2364 9 11071 73 16414 8 176 5447 34 139 158 37 0 0 0 0 0 0 0 0 0 0 0 0 
18 54 1688 20 4246 4 237 985 8342 54 0 12 451 12 9 1120 1140 14478 4 167 584 77 15840 4281 116 5174 4001 26 3989 37 0 0 0 0 0 0 0 0 0 0 
77 4035 4 9606 59 37 0 0 0 0 0 0 0 0 0 0 0 0 0 0 0 0 0 0 0 0 0 0 0 0 0 0 0 0 0 0 0 0 0 0 
9 6526 13740 1059 105 152 1066 394 8 194 1176 116 18 0 0 0 0 0 0 0 0 0 0 0 0 0 0 0 0 0 0 0 0 0 0 0 0 0 0 0 
10663 415 410 2002 452 371 2 2420 16550 4 371 2 763 1478 4 20 9 3594 1062 1330 87 37 0 0 0 0 0 0 0 0 0 0 0 0 0 0 0 0 0 0 
12416 26 5270 4 7880 7881 54 4814 270 0 8 16707 1402 4 535 16708 1402 4 64 1549 7781 1402 37 0 0 0 0 0 0 0 0 0 0 0 0 0 0 0 0 0 
1901 4 5657 26 2194 37 0 0 0 0 0 0 0 0 0 0 0 0 0 0 0 0 0 0 0 0 0 0 0 0 0 0 0 0 0 0 0 0 0 0 
0 0 49 2017 0 37 0 0 0 0 0 0 0 0 0 0 0 0 0 0 0 0 0 0 0 0 0 0 0 0 0 0 0 0 0 0 0 0 0 0 
18 167 9 299 22 58 3289 10834 16103 4 58 0 12363 4254 4047 352 229 7553 26 3612 298 310 6432 37 0 0 0 0 0 0 0 0 0 0 0 0 0 0 0 0 
18 319 293 1268 158 1 16709 16710 1083 4 235 1 2021 18 744 1007 369 58 8469 22 9 9833 4 0 2318 22 9 13225 0 37 0 0 0 0 0 0 0 0 0 0 
5829 1106 235 14649 2941 1682 37 0 0 0 0 0 0 0 0 0 0 0 0 0 0 0 0 0 0 0 0 0 0 0 0 0 0 0 0 0 0 0 0 0 
18 54 216 357 1402 9 16581 1219 4418 188 19 9 3711 310 2938 5338 16711 369 77 6072 393 16348 4 7336 1261 0 26 9 6032 7986 2380 37 0 0 0 0 0 0 0 0 
16697 0 16698 26 0 12818 0 26 5274 0 522 7893 357 147 61 5639 19 4460 9 351 237 11035 15259 37 0 0 0 0 0 0 0 0 0 0 0 0 0 0 0 0 
1191 1299 2787 10907 54 30 59 8 102 538 235 357 1000 310 2174 442 58 1003 37 0 0 0 0 0 0 0 0 0 0 0 0 0 0 0 0 0 0 0 0 0 
0 8 105 7392 1402 4 235 9 3989 3752 6087 9 2701 37 0 0 0 0 0 0 0 0 0 0 0 0 0 0 0 0 0 0 0 0 0 0 0 0 0 0 
58 267 59 310 2703 5579 351 4 404 1433 11918 9 3511 22 187 67 13834 410 0 12204 333 20 491 156 19 9 1683 37 0 0 0 0 0 0 0 0 0 0 0 0 
142 59 8 371 1402 4 20 18 54 992 413 448 1066 18 54 371 1402 37 0 0 0 0 0 0 0 0 0 0 0 0 0 0 0 0 0 0 0 0 0 0 
58 2468 22 16712 26 14413 4 142 0 4382 1390 9 11015 426 26 9 864 426 22 9 13013 1027 37 0 0 0 0 0 0 0 0 0 0 0 0 0 0 0 0 0 
9 787 4047 22 0 16713 26 7195 7407 522 5711 4858 37 0 0 0 0 0 0 0 0 0 0 0 0 0 0 0 0 0 0 0 0 0 0 0 0 0 0 0 
0 22 778 15903 11679 4 0 7667 4785 1 0 9 3488 310 212 10922 22 0 37 0 0 0 0 0 0 0 0 0 0 0 0 0 0 0 0 0 0 0 0 0 
345 6733 0 2558 2017 1221 1043 37 0 0 0 0 0 0 0 0 0 0 0 0 0 0 0 0 0 0 0 0 0 0 0 0 0 0 0 0 0 0 0 0 
9 8255 22 58 0 1634 8 20 18 506 71 231 61 9 7539 37 797 2063 4069 319 344 116 58 774 37 9420 22 422 167 9 0 22 248 356 7539 37 0 0 0 0 
37 37 37 58 59 20 4 1232 461 4 1589 105 522 112 231 37 0 0 0 0 0 0 0 0 0 0 0 0 0 0 0 0 0 0 0 0 0 0 0 0 
0 4 237 167 111 58 384 213 19 150 4 16714 55 83 391 506 8570 37 0 0 0 0 0 0 0 0 0 0 0 0 0 0 0 0 0 0 0 0 0 0 
9 351 352 158 26 9 1592 1312 0 26 0 8 413 187 12 18 2428 4 235 394 54 155 439 1 9 554 1 5142 815 5233 37 0 0 0 0 0 0 0 0 0 
406 3439 183 1099 26 1099 178 4 0 1589 71 6810 142 37 38 235 406 16 105 37 0 0 0 0 0 0 0 0 0 0 0 0 0 0 0 0 0 0 0 0 
369 0 430 77 12941 22 7920 2921 410 9 0 22 8993 37 0 0 0 0 0 0 0 0 0 0 0 0 0 0 0 0 0 0 0 0 0 0 0 0 0 0 
142 8 58 548 4020 22 77 995 85 426 58 15959 2916 410 9 3470 1 0 2381 5928 180 9 12222 16715 12447 26 1809 2476 366 22 497 42 978 9 12854 19 8521 22 3100 5256 
19 9 280 4 9 85 1070 0 26 58 82 1990 4 12 175 91 416 356 400 121 58 0 26 4035 3767 310 0 4736 37 0 0 0 0 0 0 0 0 0 0 0 
2022 8533 2022 4 18 54 58 15126 37 0 0 0 0 0 0 0 0 0 0 0 0 0 0 0 0 0 0 0 0 0 0 0 0 0 0 0 0 0 0 0 
9 0 5005 9 10537 577 116 9 1212 22 58 418 303 37 0 0 0 0 0 0 0 0 0 0 0 0 0 0 0 0 0 0 0 0 0 0 0 0 0 0 
4997 12 58 1191 4 58 2971 4 58 6966 785 4 139 58 1682 4 394 54 2206 5447 11602 270 142 47 189 37 0 0 0 0 0 0 0 0 0 0 0 0 0 0 
5992 4 488 4 236 3625 16716 308 223 289 529 85 37 0 0 0 0 0 0 0 0 0 0 0 0 0 0 0 0 0 0 0 0 0 0 0 0 0 0 0 
81 22 9 336 0 12131 406 613 111 9 11961 1 373 19 1232 329 103 37 0 0 0 0 0 0 0 0 0 0 0 0 0 0 0 0 0 0 0 0 0 0 
216 155 14277 439 0 0 0 0 0 0 0 0 0 0 0 0 0 0 0 0 0 0 0 0 0 0 0 0 0 0 0 0 0 0 0 0 0 0 0 0 
394 352 65 20 913 9 10312 22 176 9 336 0 6949 426 26 142 16 81 22 67 37 0 0 0 0 0 0 0 0 0 0 0 0 0 0 0 0 0 0 0 
15472 0 14422 37 0 0 0 0 0 0 0 0 0 0 0 0 0 0 0 0 0 0 0 0 0 0 0 0 0 0 0 0 0 0 0 0 0 0 0 0 
9 0 85 912 369 81 22 1972 16717 54 1098 997 37 0 0 0 0 0 0 0 0 0 0 0 0 0 0 0 0 0 0 0 0 0 0 0 0 0 0 0 
16718 8 81 22 286 3171 4 16719 65 20 1059 105 92 90 18 1875 1 71 24 18 3568 520 37 0 0 0 0 0 0 0 0 0 0 0 0 0 0 0 0 0 
1226 22 142 8 902 12 138 12 9 3470 808 1 749 37 0 0 0 0 0 0 0 0 0 0 0 0 0 0 0 0 0 0 0 0 0 0 0 0 0 0 
0 235 10938 26 1901 37 37 37 14043 54 0 22 9 104 38 167 112 4679 410 9 3709 22 9 301 37 0 0 0 0 0 0 0 0 0 0 0 0 0 0 0 
10200 5263 54 16720 1589 522 112 9 0 22 9 0 16721 65 37 0 0 0 0 0 0 0 0 0 0 0 0 0 0 0 0 0 0 0 0 0 0 0 0 0 
357 2820 26 0 7364 1 71 1009 7699 37 0 0 0 0 0 0 0 0 0 0 0 0 0 0 0 0 0 0 0 0 0 0 0 0 0 0 0 0 0 0 
617 329 0 9 85 8 58 4964 0 37 0 0 0 0 0 0 0 0 0 0 0 0 0 0 0 0 0 0 0 0 0 0 0 0 0 0 0 0 0 0 
282 16722 5543 329 22 153 54 0 26 0 6048 49 9 104 22 8196 4 409 26 15034 1191 4 142 59 1851 439 167 9 12110 0 22 58 11318 0 0 0 16043 37 0 0 
357 2915 410 270 0 37 0 0 0 0 0 0 0 0 0 0 0 0 0 0 0 0 0 0 0 0 0 0 0 0 0 0 0 0 0 0 0 0 0 0 
369 58 0 6583 121 58 5544 411 4 1123 7211 37 8 58 1402 59 4480 61 8829 22 58 418 3609 37 0 0 0 0 0 0 0 0 0 0 0 0 0 0 0 0 
9 85 54 668 2817 4 14 2558 313 9 783 7457 2292 0 4 8 4301 5675 4865 20 0 16 697 1 889 37 0 0 0 0 0 0 0 0 0 0 0 0 0 0 
18 54 1006 1 1531 270 58 85 20 8666 12 1962 1846 9 5294 22 58 13284 511 2022 237 8 2012 1 2903 1312 212 4800 4 16723 0 1300 26 77 500 4800 4 16723 0 5933 
9 4414 0 22 390 16724 0 7273 9 85 978 37 0 0 0 0 0 0 0 0 0 0 0 0 0 0 0 0 0 0 0 0 0 0 0 0 0 0 0 0 
394 54 58 117 562 1 71 16725 792 20 2342 40 71 451 1 14289 95 3789 75 2905 1 5327 12 244 12 9 995 346 520 559 24 9 11195 2905 4 172 2030 1 1384 37 
58 1913 116 326 9 13450 4217 22 9 973 26 116 255 608 12478 15097 4 9 85 8 496 384 61 197 3729 37 0 0 0 0 0 0 0 0 0 0 0 0 0 0 
371 13857 12768 20 0 40 976 116 58 0 387 37 0 0 0 0 0 0 0 0 0 0 0 0 0 0 0 0 0 0 0 0 0 0 0 0 0 0 0 0 
16697 406 16698 2230 54 101 13756 20 9 59 2472 310 16726 1164 19 58 2968 1699 4 235 16722 8 105 12 538 12 18 1589 71 37 0 0 0 0 0 0 0 0 0 0 
18 54 58 1153 158 4382 20 1059 105 3375 1 9 1223 1027 37 0 0 0 0 0 0 0 0 0 0 0 0 0 0 0 0 0 0 0 0 0 0 0 0 0 
667 9 59 8 242 61 58 12924 9748 340 858 4 415 92 1530 8 10486 692 9 1088 4 216 4853 1 7159 333 37 0 0 0 0 0 0 0 0 0 0 0 0 0 
16727 744 451 71 9 156 81 4614 121 212 240 5501 0 0 0 0 0 0 0 0 0 0 0 0 0 0 0 0 0 0 0 0 0 0 0 0 0 0 0 0 
12040 9 995 4 9 4422 370 7205 181 26 9 1697 186 180 9 3166 4720 22 16562 310 14818 7430 410 5896 9 73 197 2318 22 9 554 37 73 0 0 0 0 0 0 0 
0 54 1079 1194 2176 2010 1 0 9 1693 227 22 90 8 19 2 1028 58 5334 26 5062 10371 4727 61 9 602 37 0 0 0 0 0 0 0 0 0 0 0 0 0 
58 2500 3173 15351 22 1020 197 2770 265 37 0 0 0 0 0 0 0 0 0 0 0 0 0 0 0 0 0 0 0 0 0 0 0 0 0 0 0 0 0 0 
7422 16093 180 58 3380 579 2208 26 4545 8226 5002 116 1368 1065 0 0 37 0 0 0 0 0 0 0 0 0 0 0 0 0 0 0 0 0 0 0 0 0 0 0 
9 554 8 0 4 15807 4 26 8468 6073 37 0 0 0 0 0 0 0 0 0 0 0 0 0 0 0 0 0 0 0 0 0 0 0 0 0 0 0 0 0 
90 593 522 112 58 1356 535 554 270 5197 19 2094 8 0 410 3921 2208 37 0 0 0 0 0 0 0 0 0 0 0 0 0 0 0 0 0 0 0 0 0 0 
394 54 55 6432 83 6631 1362 9 59 37 0 0 0 0 0 0 0 0 0 0 0 0 0 0 0 0 0 0 0 0 0 0 0 0 0 0 0 0 0 0 
9871 753 3520 37 4723 1 71 12572 6856 37 0 0 0 0 0 0 0 0 0 0 0 0 0 0 0 0 0 0 0 0 0 0 0 0 0 0 0 0 0 0 
3337 0 0 0 13598 16759 0 9576 0 181 0 16809 186 4 0 16800 0 13598 0 16756 0 14404 0 0 0 0 15689 0 37 0 0 0 0 0 0 0 0 0 0 0 
410 306 9536 4 1085 4 863 26 0 4 16897 167 313 9 16895 22 207 15 121 164 340 37 0 0 0 0 0 0 0 0 0 0 0 0 0 0 0 0 0 0 
37 37 37 1761 1 2030 4974 19 2266 1 5634 83 1 9 4032 14964 37 0 0 0 0 0 0 0 0 0 0 0 0 0 0 0 0 0 0 0 0 0 0 0 
326 12757 26 15671 284 19 1621 6101 26 9246 1586 351 4 237 352 9539 1852 26 538 37 0 0 0 0 0 0 0 0 0 0 0 0 0 0 0 0 0 0 0 0 
310 5488 7586 37 37 37 8545 16898 167 1440 77 8834 414 121 3591 7671 207 1677 37 0 0 0 0 0 0 0 0 0 0 0 0 0 0 0 0 0 0 0 0 0 
16851 999 61 3370 2394 116 9 935 4 26 167 2096 3480 222 49 212 4135 4 11193 658 37 0 0 0 0 0 0 0 0 0 0 0 0 0 0 0 0 0 0 0 
100 14779 8 19 2 1028 58 2179 4 176 4225 4382 4 0 54 0 10672 22 4911 26 0 9484 12708 181 18 186 6460 4446 37 0 0 0 0 0 0 0 0 0 0 0 
2206 506 5120 49 9 3164 22 20 6967 690 95 4607 319 71 4607 430 4714 26 298 37 0 0 0 0 0 0 0 0 0 0 0 0 0 0 0 0 0 0 0 0 
1291 4 14099 26 13770 538 4 142 3449 4973 3950 997 61 371 2 575 3729 20 18 155 156 10013 4 18 2890 7844 6515 37 0 0 0 0 0 0 0 0 0 0 0 0 
369 336 5928 12650 19 1120 366 4 329 22 9 4080 352 371 5682 20 172 5775 61 144 0 37 58 4782 12198 61 9745 580 8 1103 1 3672 180 9 315 37 0 0 0 0 
58 2714 14841 414 121 575 3575 22 11394 219 0 310 1810 197 37 0 0 0 0 0 0 0 0 0 0 0 0 0 0 0 0 0 0 0 0 0 0 0 0 0 
58 3885 13209 22 9 2283 16899 10697 37 0 0 0 0 0 0 0 0 0 0 0 0 0 0 0 0 0 0 0 0 0 0 0 0 0 0 0 0 0 0 0 
6453 14397 167 360 9 2558 272 37 223 167 5112 1093 9 30 26 1160 18 58 1038 1013 4 16900 26 8806 37 90 14397 167 360 8 13625 20 194 2289 22 683 4 194 2079 4 
3195 0 1107 944 756 5769 4 26 1066 9 7946 808 2634 1570 22 9 1029 26 10580 22 2764 4 18 54 58 3511 1 3117 33 16825 37 0 0 0 0 0 0 0 0 0 
77 1396 16901 85 270 815 8344 16090 26 329 1879 26 11868 137 172 6845 19 58 321 14 1900 167 0 9 192 26 1447 22 9 1036 26 9 0 37 0 0 0 0 0 0 
9 16752 16753 8 340 24 9893 9 10837 0 9 498 13184 7858 37 0 0 0 0 0 0 0 0 0 0 0 0 0 0 0 0 0 0 0 0 0 0 0 0 0 
282 8545 16898 38 10325 6555 381 1682 831 4 121 1072 4 10390 310 2750 19 9 149 22 58 0 916 37 37 37 164 11046 353 103 912 4974 1 815 37 0 0 0 0 0 
16902 16671 101 1059 9 273 22 245 442 1531 270 164 2546 26 2877 212 11435 235 4 310 217 3664 4 18 1052 0 1 7539 7973 139 5603 9376 1 344 18 37 0 0 0 0 
12 5346 12 58 2940 26 12 5453 12 58 8366 4 12 4213 0 12 18 8 121 1072 16903 3223 37 0 0 0 0 0 0 0 0 0 0 0 0 0 0 0 0 0 
90 479 142 1502 1191 775 49 336 2782 1502 252 8 164 3896 149 22 5180 90 831 369 0 2292 37 0 0 0 0 0 0 0 0 0 0 0 0 0 0 0 0 0 
363 13575 218 313 699 366 4 15 16904 1787 12 81 22 9 492 65 270 59 1212 37 0 0 0 0 0 0 0 0 0 0 0 0 0 0 0 0 0 0 0 0 
5475 49 538 1 0 26 2526 329 22 9 375 54 340 1151 4 3081 16712 13775 2253 22 1792 8506 37 0 0 0 0 0 0 0 0 0 0 0 0 0 0 0 0 0 
9 2469 0 59 167 313 9 6559 15733 26 1086 943 3654 1 404 890 506 10432 37 0 0 0 0 0 0 0 0 0 0 0 0 0 0 0 0 0 0 0 0 0 
58 0 4943 774 338 9689 8061 61 9 1986 3694 4 2417 0 54 103 22 8521 1761 155 156 1 634 58 5067 1792 566 22 13576 58 572 1272 4 18 1059 371 355 7415 20 9558 
175 5551 0 54 0 38 8 58 5249 18 8 58 6284 5249 37 0 0 0 0 0 0 0 0 0 0 0 0 0 0 0 0 0 0 0 0 0 0 0 0 0 
58 102 538 59 37 0 0 0 0 0 0 0 0 0 0 0 0 0 0 0 0 0 0 0 0 0 0 0 0 0 0 0 0 0 0 0 0 0 0 0 
369 0 54 1058 4 15189 1448 49 9 3088 37 0 0 0 0 0 0 0 0 0 0 0 0 0 0 0 0 0 0 0 0 0 0 0 0 0 0 0 0 0 
15217 14673 16903 1083 9 0 22 58 0 1174 9210 26 809 20 167 0 180 15790 11661 26 4258 37 0 0 0 0 0 0 0 0 0 0 0 0 0 0 0 0 0 0 
5918 54 2099 9052 1 212 0 1010 22 9 935 20 5835 1736 19 756 3853 12 77 5360 4 58 59 651 4 26 77 658 22 746 0 37 0 0 0 0 0 0 0 0 
77 541 0 37 0 0 0 0 0 0 0 0 0 0 0 0 0 0 0 0 0 0 0 0 0 0 0 0 0 0 0 0 0 0 0 0 0 0 0 0 
18 54 58 0 4 0 4 6421 0 6243 22 58 85 4 58 8263 4844 310 9 4414 4197 22 164 12346 12702 2520 37 0 0 0 0 0 0 0 0 0 0 0 0 0 
16697 16905 54 1043 16698 8 371 9498 1040 4 355 58 7107 22 3857 4 26 371 16906 5329 4 20 2017 197 1043 831 10668 26 15144 37 0 0 0 0 0 0 0 0 0 0 
142 8 10275 4 12152 455 4 2055 1 7734 9 11545 22 77 108 20 6087 9 4618 12497 37 0 0 0 0 0 0 0 0 0 0 0 0 0 0 0 0 0 0 0 
18 54 9 69 22 0 3084 20 2782 357 1052 1648 37 0 0 0 0 0 0 0 0 0 0 0 0 0 0 0 0 0 0 0 0 0 0 0 0 0 0 0 
0 276 0 15003 16907 4 8199 16759 0 0 37 0 0 0 0 0 0 0 0 0 0 0 0 0 0 0 0 0 0 0 0 0 0 0 0 0 0 0 0 0 
58 4403 3861 85 270 9 498 4798 22 0 4 58 1336 12019 410 2977 692 9 6878 37 0 0 0 0 0 0 0 0 0 0 0 0 0 0 0 0 0 0 0 0 
9 6305 10015 22 9 1003 352 11510 1 9 987 426 58 7166 1038 729 49 9 10621 0 0 57 22 65 369 12283 26 756 7408 37 0 0 0 0 0 0 0 0 0 0 
9 336 1223 26 1935 13845 1091 85 667 1610 9667 1577 400 1 0 4 9 30 902 22 8213 194 37 816 11795 310 362 26 4 121 1072 4 5920 37 0 0 0 0 0 0 
9 85 54 992 13373 3208 22 1855 26 9210 2735 164 9630 554 1 1617 1 9 1028 19 404 512 4 42 26 0 7618 4 26 1153 6626 4 5920 7697 37 0 0 0 0 0 
13081 8 105 4764 34 1556 4 235 223 2683 169 58 6734 16908 506 1417 1212 37 0 0 0 0 0 0 0 0 0 0 0 0 0 0 0 0 0 0 0 0 0 0 
58 2693 1 1793 5464 311 26 8 56 943 2943 37 0 0 0 0 0 0 0 0 0 0 0 0 0 0 0 0 0 0 0 0 0 0 0 0 0 0 0 0 
100 11568 1059 105 2096 1109 164 0 6842 49 2184 1191 1 1032 4943 4 18 54 2110 216 439 2222 26 4183 1043 2844 1 2093 20 363 1411 1213 37 0 0 0 0 0 0 0 
58 0 785 22 544 11435 26 13116 4349 37 0 0 0 0 0 0 0 0 0 0 0 0 0 0 0 0 0 0 0 0 0 0 0 0 0 0 0 0 0 0 
77 1887 26 573 2063 409 14701 4 58 7265 26 1560 414 305 20 16645 104 37 0 0 0 0 0 0 0 0 0 0 0 0 0 0 0 0 0 0 0 0 0 0 
9332 1599 9729 37 37 37 0 0 0 0 0 0 0 0 0 0 0 0 0 0 0 0 0 0 0 0 0 0 0 0 0 0 0 0 0 0 0 0 0 0 
58 1180 85 4 235 18 40 71 58 435 283 175 18 5857 1 7097 16671 26 392 452 9 197 1287 37 0 0 0 0 0 0 0 0 0 0 0 0 0 0 0 0 
406 1146 988 2647 410 9 46 20 91 522 291 1 58 829 19 1677 14 18 167 112 13378 374 439 1 239 58 85 19 404 488 167 1 71 834 1 7901 2657 3347 37 0 
18 54 77 158 2362 181 446 116 0 4255 9197 186 4 26 4428 54 0 884 289 9 52 1638 37 0 0 0 0 0 0 0 0 0 0 0 0 0 0 0 0 0 
58 85 20 319 0 9 1051 943 37 0 0 0 0 0 0 0 0 0 0 0 0 0 0 0 0 0 0 0 0 0 0 0 0 0 0 0 0 0 0 0 
142 8 2495 4901 7000 1 2495 37 0 0 0 0 0 0 0 0 0 0 0 0 0 0 0 0 0 0 0 0 0 0 0 0 0 0 0 0 0 0 0 0 
16804 16907 0 0 58 16803 344 16909 9290 16756 0 344 15 9576 0 58 0 0 8199 16756 0 276 16910 37 16809 0 16756 0 0 0 37 0 0 0 0 0 0 0 0 0 
1052 522 406 1017 58 85 371 2092 1 9362 9 0 22 9 2180 3088 37 0 0 0 0 0 0 0 0 0 0 0 0 0 0 0 0 0 0 0 0 0 0 0 
81 22 9 3384 0 4 15359 75 748 37 0 0 0 0 0 0 0 0 0 0 0 0 0 0 0 0 0 0 0 0 0 0 0 0 0 0 0 0 0 0 
164 2270 7490 8 9621 37 0 0 0 0 0 0 0 0 0 0 0 0 0 0 0 0 0 0 0 0 0 0 0 0 0 0 0 0 0 0 0 0 0 0 
310 58 1046 20 2561 329 22 9 857 1664 200 19 9270 85 4 4166 753 364 9102 442 1066 18 8 371 8609 4 371 0 1085 270 169 91 513 270 1035 192 37 0 0 0 
9 59 7542 116 164 0 995 26 164 1180 1151 37 0 0 0 0 0 0 0 0 0 0 0 0 0 0 0 0 0 0 0 0 0 0 0 0 0 0 0 0 
164 6875 352 13709 439 1 3650 0 4 26 9 85 5312 12 77 6929 5114 4 992 13739 152 37 0 0 0 0 0 0 0 0 0 0 0 0 0 0 0 0 0 0 
9 1930 54 530 8 58 6785 22 12077 20 3936 164 1813 22 7604 37 0 0 0 0 0 0 0 0 0 0 0 0 0 0 0 0 0 0 0 0 0 0 0 0 
58 4285 4 0 3750 1 42 4 26 58 59 20 7123 26 1528 415 19 10807 3149 49 2905 1 2979 37 0 0 0 0 0 0 0 0 0 0 0 0 0 0 0 0 
58 1744 6893 426 58 85 1 71 0 37 0 0 0 0 0 0 0 0 0 0 0 0 0 0 0 0 0 0 0 0 0 0 0 0 0 0 0 0 0 0 
18 1004 1 71 1017 1603 0 506 2221 2364 9 0 995 602 4 235 295 178 4 237 2235 223 167 1 547 0 0 0 0 0 0 0 0 0 0 0 0 0 0 0 
58 8889 535 16814 4 8055 4280 6029 61 9 946 310 58 0 6254 22 16590 4260 26 7236 2839 0 37 0 0 0 0 0 0 0 0 0 0 0 0 0 0 0 0 0 
58 1701 4 138 4 7018 7019 152 37 0 0 0 0 0 0 0 0 0 0 0 0 0 0 0 0 0 0 0 0 0 0 0 0 0 0 0 0 0 0 0 
9 6967 0 26 1673 0 319 11106 2027 218 142 85 167 5345 37 0 0 0 0 0 0 0 0 0 0 0 0 0 0 0 0 0 0 0 0 0 0 0 0 0 
77 1611 4 8834 59 20 54 12 1006 1 6978 12 18 8 1006 1 4089 37 0 0 0 0 0 0 0 0 0 0 0 0 0 0 0 0 0 0 0 0 0 0 
9 85 319 4045 1 3792 821 1083 26 319 2622 11159 9 518 22 286 22 442 237 517 9 13439 430 0 4736 37 0 0 0 0 0 0 0 0 0 0 0 0 0 0 
90 13132 9 85 8 9 1046 4 446 9 0 188 37 0 0 0 0 0 0 0 0 0 0 0 0 0 0 0 0 0 0 0 0 0 0 0 0 0 0 0 
142 8 58 2139 7219 1 9 103 24 2051 68 15 54 336 6398 228 483 22 81 22 164 336 4225 37 0 0 0 0 0 0 0 0 0 0 0 0 0 0 0 0 
3599 4 5629 26 16911 37 0 0 0 0 0 0 0 0 0 0 0 0 0 0 0 0 0 0 0 0 0 0 0 0 0 0 0 0 0 0 0 0 0 0 
9 6969 3983 16912 7589 9 8868 4638 22 1035 5542 751 685 8414 4 0 4 26 7106 37 0 0 0 0 0 0 0 0 0 0 0 0 0 0 0 0 0 0 0 0 
37 37 37 175 415 416 19 58 2530 774 116 2194 1191 4 9 16796 319 6895 310 33 15378 11916 4 15879 1191 26 922 10922 37 0 0 0 0 0 0 0 0 0 0 0 
58 0 4704 22 58 4592 13886 410 164 0 16762 81 20 14191 9 9368 22 4127 4 4010 4 26 7846 3938 37 0 0 0 0 0 0 0 0 0 0 0 0 0 0 0 
175 15 111 112 692 1 134 9 3654 22 119 19 9 0 54 4 81 8630 9 3416 40 414 369 135 369 142 37 0 0 0 0 0 0 0 0 0 0 0 0 0 
9 2544 2930 352 22 9 12966 26 9 876 1441 355 144 2862 37 0 0 0 0 0 0 0 0 0 0 0 0 0 0 0 0 0 0 0 0 0 0 0 0 0 
18 54 16697 0 54 16698 340 152 1599 4 142 0 237 9981 2888 391 506 13807 9 104 54 9925 310 2435 418 319 37 0 0 0 0 0 0 0 0 0 0 0 0 0 
0 37 37 37 3349 861 16913 310 212 982 7623 26 2739 4 155 1 2301 58 2276 0 37 0 0 0 0 0 0 0 0 0 0 0 0 0 0 0 0 0 0 0 
529 81 22 286 16748 15260 75 369 73 1670 4660 22 9 10803 10803 0 4 73 5132 20 9 5595 4 1151 26 1043 551 352 58 435 283 37 0 0 0 0 0 0 0 0 
58 2511 486 22 152 37 0 0 0 0 0 0 0 0 0 0 0 0 0 0 0 0 0 0 0 0 0 0 0 0 0 0 0 0 0 0 0 0 0 0 
77 6125 16770 175 547 38 20 997 37 0 0 0 0 0 0 0 0 0 0 0 0 0 0 0 0 0 0 0 0 0 0 0 0 0 0 0 0 0 0 0 
58 1935 26 538 152 37 15120 0 4 9 11964 0 7096 116 142 9663 1191 1059 105 11577 9 9890 520 8520 235 9 991 626 589 3056 37 0 0 0 0 0 0 0 0 0 
19 164 4103 26 14498 149 4 18 4881 9 148 764 12 0 0 54 2348 2226 140 26 0 0 54 194 1128 54 2168 37 0 0 0 0 0 0 0 0 0 0 0 0 
18 167 58 2477 26 9230 2478 559 58 0 4 14883 1833 559 958 3001 559 958 3400 559 4220 381 5158 559 26 58 554 216 343 439 1 1606 415 8291 19 1229 240 5406 12 415 
175 415 416 356 116 77 9275 59 19 404 415 506 2644 1229 0 520 5214 4 439 8 216 9 6800 415 512 37 0 0 0 0 0 0 0 0 0 0 0 0 0 0 
20 9 145 16902 16671 16 322 1 5001 212 3081 16513 26 254 58 418 1128 8 58 4029 157 559 20 223 167 112 322 1 1498 212 554 371 0 310 442 8 58 5871 11110 37 
15120 16914 6285 49 651 1 7919 329 103 1099 9 3767 375 4 404 566 20 3786 1267 8 9 69 22 0 4183 5871 59 391 1202 155 239 116 58 100 37 0 0 0 0 0 
37 37 37 3100 4 9275 4 26 16807 538 85 37 0 0 0 0 0 0 0 0 0 0 0 0 0 0 0 0 0 0 0 0 0 0 0 0 0 0 0 0 
289 176 9 4478 0 3638 808 372 37 0 0 0 0 0 0 0 0 0 0 0 0 0 0 0 0 0 0 0 0 0 0 0 0 0 0 0 0 0 0 0 
7327 1718 442 20 4 19 797 801 4 9 2005 455 19 219 506 2945 71 2104 400 1 9 535 333 37 0 0 0 0 0 0 0 0 0 0 0 0 0 0 0 0 
3117 18 116 90 18 8 559 415 506 6867 2094 70 37 0 0 0 0 0 0 0 0 0 0 0 0 0 0 0 0 0 0 0 0 0 0 0 0 0 0 0 
831 242 61 4035 991 483 22 4035 2748 4 12 1839 16 37 37 37 3757 4 706 8 495 55 4183 37 0 0 0 0 0 0 0 0 0 0 0 0 0 0 0 0 
310 828 13105 37 13449 37 8199 37 16915 2452 391 167 9 455 1 4077 8938 310 0 4 0 26 16533 37 0 0 0 0 0 0 0 0 0 0 0 0 0 0 0 0 
168 22 7075 426 58 4378 59 310 58 12428 764 37 0 0 0 0 0 0 0 0 0 0 0 0 0 0 0 0 0 0 0 0 0 0 0 0 0 0 0 0 
58 11457 22 9530 1201 465 4 5682 3880 4017 4 26 5603 567 9967 20 506 71 7091 500 12 77 8867 2805 0 1191 26 12 58 2058 15546 22 9 7398 54 213 37 0 0 0 
676 294 8 77 1065 997 12 451 12 18 1059 1066 16697 9 2069 16698 352 584 58 0 519 37 0 0 0 0 0 0 0 0 0 0 0 0 0 0 0 0 0 0 
18 54 2252 16745 313 9 149 4 235 18 54 360 310 58 435 22 5273 381 3149 12 451 12 329 102 7166 3944 37 0 0 0 0 0 0 0 0 0 0 0 0 0 
1761 1 5992 164 918 108 426 545 426 355 1359 33 1645 19 58 0 1336 37 0 0 0 0 0 0 0 0 0 0 0 0 0 0 0 0 0 0 0 0 0 0 
58 2339 3511 37 0 0 0 0 0 0 0 0 0 0 0 0 0 0 0 0 0 0 0 0 0 0 0 0 0 0 0 0 0 0 0 0 0 0 0 0 
306 7419 10502 7031 180 135 1851 14390 37 0 0 0 0 0 0 0 0 0 0 0 0 0 0 0 0 0 0 0 0 0 0 0 0 0 0 0 0 0 0 0 
9 85 8246 9 7556 13093 20 10160 10161 831 1 522 6759 13330 37 0 0 0 0 0 0 0 0 0 0 0 0 0 0 0 0 0 0 0 0 0 0 0 0 0 
16888 26 925 12734 0 1616 1 6548 58 59 692 329 5596 235 466 0 1131 4 1914 310 58 1180 1043 7100 20 54 160 61 1003 235 511 19 9 5582 13558 22 145 219 37 0 
9 2236 1754 8 10283 26 3164 426 26 58 1327 8807 1 472 61 58 3381 26 4 3386 4 16808 4 8393 37 0 0 0 0 0 0 0 0 0 0 0 0 0 0 0 
3078 369 58 9084 167 1052 112 55 372 83 18 8 19 6337 8643 37 0 0 0 0 0 0 0 0 0 0 0 0 0 0 0 0 0 0 0 0 0 0 0 0 
4788 319 0 19 286 567 9962 4 12 19 9 85 54 4182 4133 121 1815 49 9 3693 22 0 1929 8067 0 54 11141 3081 362 1 9 9509 0 22 2131 54 0 3397 37 0 
142 1888 4 6831 1490 59 4 11761 410 0 22 8884 409 4 146 147 528 321 19 5727 54 0 7711 426 26 18 54 58 7036 1 9 1065 4 26 1 296 1611 927 4 20 
