61 5255 384 3788 2866 20 694 518 119 7 131 10 30 33 149 749 26 0 0 0 0 0 0 0 0 0 0 0 0 0 0 0 0 0 0 0 0 0 0 0 
8 1252 44 2604 7 2728 7 2063 12 664 209 17 403 33 906 7061 28 53 656 26 0 0 0 0 0 0 0 0 0 0 0 0 0 0 0 0 0 0 0 0 
3442 4774 3303 127 67 56 57 965 7067 26 0 0 0 0 0 0 0 0 0 0 0 0 0 0 0 0 0 0 0 0 0 0 0 0 0 0 0 0 0 0 
56 57 27 8 545 209 28 8 171 26 0 0 0 0 0 0 0 0 0 0 0 0 0 0 0 0 0 0 0 0 0 0 0 0 0 0 0 0 0 0 
688 8 0 7 131 3 853 174 142 2948 7 306 149 26 0 0 0 0 0 0 0 0 0 0 0 0 0 0 0 0 0 0 0 0 0 0 0 0 0 0 
138 88 182 2003 2 0 0 0 0 0 0 0 0 0 0 0 0 0 0 0 0 0 0 0 0 0 0 0 0 0 0 0 0 0 0 0 0 0 0 0 
351 1194 120 99 3133 20 19 26 0 0 0 0 0 0 0 0 0 0 0 0 0 0 0 0 0 0 0 0 0 0 0 0 0 0 0 0 0 0 0 0 
2878 863 3551 3070 2370 196 1541 111 3 88 56 26 0 0 0 0 0 0 0 0 0 0 0 0 0 0 0 0 0 0 0 0 0 0 0 0 0 0 0 0 
8 250 327 19 20 8 476 120 7413 20 4820 26 0 0 0 0 0 0 0 0 0 0 0 0 0 0 0 0 0 0 0 0 0 0 0 0 0 0 0 0 
149 28 1411 814 518 12 531 2643 2062 17 288 1318 26 0 0 0 0 0 0 0 0 0 0 0 0 0 0 0 0 0 0 0 0 0 0 0 0 0 0 0 
45 2063 796 1675 10 1503 26 0 0 0 0 0 0 0 0 0 0 0 0 0 0 0 0 0 0 0 0 0 0 0 0 0 0 0 0 0 0 0 0 0 
60 3 538 67 879 139 79 606 3893 8 346 67 8 6058 217 2636 3369 1187 26 0 0 0 0 0 0 0 0 0 0 0 0 0 0 0 0 0 0 0 0 0 
79 532 1165 91 67 576 110 4877 1210 67 4410 735 26 0 0 0 0 0 0 0 0 0 0 0 0 0 0 0 0 0 0 0 0 0 0 0 0 0 0 0 
576 3 366 203 92 10 149 7 2192 1760 7 522 7 313 3 4 5 6 26 0 0 0 0 0 0 0 0 0 0 0 0 0 0 0 0 0 0 0 0 0 
660 122 197 27 33 182 1075 2 0 0 0 0 0 0 0 0 0 0 0 0 0 0 0 0 0 0 0 0 0 0 0 0 0 0 0 0 0 0 0 0 
1642 1307 9 2 0 0 0 0 0 0 0 0 0 0 0 0 0 0 0 0 0 0 0 0 0 0 0 0 0 0 0 0 0 0 0 0 0 0 0 0 
64 65 52 201 196 197 51 26 0 0 0 0 0 0 0 0 0 0 0 0 0 0 0 0 0 0 0 0 0 0 0 0 0 0 0 0 0 0 0 0 
7573 5 10 43 44 53 1452 113 3120 7 1174 216 7 1679 18 20 933 2003 2 2 0 0 0 0 0 0 0 0 0 0 0 0 0 0 0 0 0 0 0 0 
7573 508 2479 563 23 3176 6620 57 5298 74 8 6 186 30 62 49 67 26 0 0 0 0 0 0 0 0 0 0 0 0 0 0 0 0 0 0 0 0 0 0 
182 3074 721 20 741 7 103 33 3305 0 2590 26 0 0 0 0 0 0 0 0 0 0 0 0 0 0 0 0 0 0 0 0 0 0 0 0 0 0 0 0 
238 1119 103 1340 26 0 0 0 0 0 0 0 0 0 0 0 0 0 0 0 0 0 0 0 0 0 0 0 0 0 0 0 0 0 0 0 0 0 0 0 
8 484 1273 10 1506 20 8 9 2971 81 44 53 3839 1618 67 5016 26 0 0 0 0 0 0 0 0 0 0 0 0 0 0 0 0 0 0 0 0 0 0 0 
467 432 0 26 0 0 0 0 0 0 0 0 0 0 0 0 0 0 0 0 0 0 0 0 0 0 0 0 0 0 0 0 0 0 0 0 0 0 0 0 
3 88 319 33 1031 140 67 649 284 5 6 26 0 0 0 0 0 0 0 0 0 0 0 0 0 0 0 0 0 0 0 0 0 0 0 0 0 0 0 0 
182 431 20 19 3848 26 0 0 0 0 0 0 0 0 0 0 0 0 0 0 0 0 0 0 0 0 0 0 0 0 0 0 0 0 0 0 0 0 0 0 
7573 5 120 182 518 997 26 0 0 0 0 0 0 0 0 0 0 0 0 0 0 0 0 0 0 0 0 0 0 0 0 0 0 0 0 0 0 0 0 0 
8 654 7574 2748 327 1460 1840 20 8 171 3979 99 482 4485 20 2194 26 0 0 0 0 0 0 0 0 0 0 0 0 0 0 0 0 0 0 0 0 0 0 0 
8 467 1723 327 8 0 1332 0 27 1454 26 0 0 0 0 0 0 0 0 0 0 0 0 0 0 0 0 0 0 0 0 0 0 0 0 0 0 0 0 0 
467 3788 9 23 0 26 0 0 0 0 0 0 0 0 0 0 0 0 0 0 0 0 0 0 0 0 0 0 0 0 0 0 0 0 0 0 0 0 0 0 
20 8 1458 10 33 182 6 67 273 290 26 0 0 0 0 0 0 0 0 0 0 0 0 0 0 0 0 0 0 0 0 0 0 0 0 0 0 0 0 0 
79 610 23 45 1510 0 585 290 1070 20 103 139 411 2412 1880 99 133 20 0 26 0 0 0 0 0 0 0 0 0 0 0 0 0 0 0 0 0 0 0 0 
79 88 33 2246 1777 44 721 20 79 688 1273 131 0 79 343 110 1880 6522 217 7366 26 0 0 0 0 0 0 0 0 0 0 0 0 0 0 0 0 0 0 0 
186 340 627 49 26 188 1772 0 0 0 0 0 0 0 0 0 0 0 0 0 0 0 0 0 0 0 0 0 0 0 0 0 0 0 0 0 0 0 0 0 
3 138 344 1304 8 5413 44 8 476 20 673 2215 44 33 664 297 26 0 0 0 0 0 0 0 0 0 0 0 0 0 0 0 0 0 0 0 0 0 0 0 
138 4 45 0 211 26 0 0 0 0 0 0 0 0 0 0 0 0 0 0 0 0 0 0 0 0 0 0 0 0 0 0 0 0 0 0 0 0 0 0 
8 0 895 12 0 1213 17 327 138 25 26 0 0 0 0 0 0 0 0 0 0 0 0 0 0 0 0 0 0 0 0 0 0 0 0 0 0 0 0 0 
8 9 10 965 7 20 8 968 250 552 370 906 95 1145 111 186 366 370 119 26 0 0 0 0 0 0 0 0 0 0 0 0 0 0 0 0 0 0 0 0 
467 153 0 5574 51 186 88 95 314 26 0 0 0 0 0 0 0 0 0 0 0 0 0 0 0 0 0 0 0 0 0 0 0 0 0 0 0 0 0 0 
3 85 1994 1076 45 2322 7575 20 4065 20 899 26 0 0 0 0 0 0 0 0 0 0 0 0 0 0 0 0 0 0 0 0 0 0 0 0 0 0 0 0 
3 642 606 65 62 49 672 0 3 94 65 711 60 56 57 98 56 26 0 0 0 0 0 0 0 0 0 0 0 0 0 0 0 0 0 0 0 0 0 0 
8 2892 707 48 1330 12 14 635 900 7576 17 67 1283 8 5087 688 103 8 1719 3655 26 0 0 0 0 0 0 0 0 0 0 0 0 0 0 0 0 0 0 0 
186 306 1407 4460 28 45 198 528 3093 12 238 0 1276 2255 17 229 186 23 1022 5035 33 3093 44 332 197 378 51 1894 26 0 0 0 0 0 0 0 0 0 0 0 
8 9 120 475 7 150 8 18 120 84 2956 51 8 9 120 708 733 8 111 173 23 53 2201 120 702 26 0 0 0 0 0 0 0 0 0 0 0 0 0 0 
915 10 142 2948 7 718 120 65 84 737 1081 26 0 0 0 0 0 0 0 0 0 0 0 0 0 0 0 0 0 0 0 0 0 0 0 0 0 0 0 0 
3 1483 28 5470 970 28 18 636 33 193 883 120 446 702 362 26 0 0 0 0 0 0 0 0 0 0 0 0 0 0 0 0 0 0 0 0 0 0 0 0 
8 1370 120 33 651 6276 20 8 931 44 8 297 120 1100 26 0 0 0 0 0 0 0 0 0 0 0 0 0 0 0 0 0 0 0 0 0 0 0 0 0 
23 882 7 7577 217 151 1102 65 88 5240 332 284 351 829 14 45 3584 26 0 0 0 0 0 0 0 0 0 0 0 0 0 0 0 0 0 0 0 0 0 0 
33 6396 481 103 8 1387 14 8 629 44 8 630 120 8 3285 2564 1414 67 649 186 203 370 77 1270 379 7576 606 48 170 5859 26 0 0 0 0 0 0 0 0 0 
5 10 457 28 301 701 120 43 44 8 467 1539 61 1102 738 112 26 0 0 0 0 0 0 0 0 0 0 0 0 0 0 0 0 0 0 0 0 0 0 0 
2650 1243 44 3237 721 32 33 238 2375 3351 706 20 319 43 120 0 26 0 0 0 0 0 0 0 0 0 0 0 0 0 0 0 0 0 0 0 0 0 0 0 
56 120 1065 907 0 7574 2355 344 1577 26 0 0 0 0 0 0 0 0 0 0 0 0 0 0 0 0 0 0 0 0 0 0 0 0 0 0 0 0 0 0 
186 31 49 67 8 297 20 469 20 5217 7 186 306 1326 14 43 44 8 675 51 120 1063 408 970 1199 2 2 0 0 0 0 0 0 0 0 0 0 0 0 0 
28 8 1444 44 9 186 128 8 207 707 88 370 4672 26 0 0 0 0 0 0 0 0 0 0 0 0 0 0 0 0 0 0 0 0 0 0 0 0 0 0 
